% This file contains the information about the 20 fracturenetworks
% generated with a = 1.5 and dc = 0.015

frac_fx_1 = [133.5894,97.4447,-181.962,-27.3544,110.4971,-94.7754,-181.8883,168.302,111.2436,-20.5679,-71.0802,131.4136,52.8486,-79.8092,92.8131,-197.864,197.5813,186.9631,-185.9789,129.0168,-185.5821,158.642,-140.4475,-66.6763,72.3755,-22.0053,-117.3495,67.8226,154.4627,133.6748,-5.9214,81.8173,53.7334,173.2531,-159.5868,-41.4412,88.5527,58.2433,-29.1834,-186.7256,-89.4134,-193.9138,181.4056,162.5857,133.732,84.8421,-85.0445,96.504,-94.87,-57.845,55.7575,-112.6624,77.3222,-91.0802,-44.8815,-191.6547,189.3755,147.1419,-32.6572,-83.5175,138.5213,127.05,81.598,-165.2325,-187.8232,159.6397,192.5443,42.2738,20.5361,179.1159,6.326,-126.5263,-64.9439,104.3935,184.6312,-122.1576,155.5535,25.2373,142.6259,-29.7983,112.2692,49.1445,-102.283,110.545,-109.7611,101.3105,94.1438,-95.4152,113.9399,-52.2211,84.5646,6.5091,-158.0315,-125.9655,116.7755,44.5097,13.1836,-78.213,36.7448,-181.1976,179.5595,120.9399,40.9236,-108.8843,-181.4891,-183.6539,144.1207,-59.5776,183.6378,-8.5133,3.7305,-140.2884,50.3103,114.6145,72.8766,-23.7617,85.365,-22.017,-85.1147,19.4303,4.5504,-63.6718,-0.45725,-150.7358,124.3042,-157.9911];
frac_fy_1 = [-165.691,196.6125,84.7815,149.4696,178.0856,51.3486,17.1954,67.8971,-156.0353,78.3671,-140.9999,18.3497,-56.4035,91.9851,155.7698,-190.0017,-196.5321,188.2439,-2.0603,-85.0444,-34.9988,-49.4674,-92.8714,-101.8825,-164.8044,153.4745,178.6223,-141.1612,183.2061,-175.4924,133.1235,180.5773,-179.6505,-91.9062,-91.3765,81.4223,34.5427,-75.1061,30.6275,192.3403,42.8181,-104.6252,-118.6985,2.805,130.3411,-138.4243,-160.3625,82.9585,44.2208,-67.2373,-180.2148,9.8941,93.9918,165.5058,121.5682,189.4056,196.1966,-188.6843,-83.6212,37.6811,-199.5301,197.5686,-131.3377,192.4186,-191.1353,-152.8884,-115.2726,55.5106,182.4832,-73.0411,-119.7244,-44.123,-68.191,170.5449,112.1856,0.55967,75.0293,58.2812,-5.3026,-15.4733,7.2059,111.6208,-71.4946,-77.5015,-46.963,195.2713,-193.3388,-56.7138,35.6124,49.0349,14.3472,123.0812,-90.5912,-75.4755,-45.3406,-188.3296,-145.3555,32.5239,69.2723,-127.4309,-144.3298,15.8497,-146.3891,70.1659,-198.1311,192.3407,-133.8974,107.8228,-34.7113,42.4082,-23.1338,-191.3184,-68.1943,177.809,-91.3356,-44.6944,115.0942,67.2831,188.0498,-67.6914,-0.58601,33.7612,176.4303,154.7588,-47.321,-98.2287];
frac_len_1 = [13.9786,25.1356,24.4743,15.8844,43.2997,18.4437,51.6884,90.4617,81.9613,15.987,41.793,32.6254,15.8274,122.0954,13.4656,7.4677,8.4561,28.6661,10.7239,41.7702,29.7903,85.4537,51.0974,20.2582,10.0304,29.6329,11.368,31.6374,37.6023,54.8738,19.4146,47.5534,49.8227,19.5438,18.1967,14.3852,17.6495,178.7388,154.751,10.2356,11.1647,14.0123,42.8099,10.6726,60.7077,14.4023,171.8284,10.3553,65.2222,16.6957,11.2445,45.7527,14.7728,51.2171,11.007,17.7279,22.5695,67.147,31.5367,24.8657,3.8326,19.8323,16.1941,25.7626,30.1235,99.8453,18.6793,189.1889,10.4313,21.6547,10.8398,44.0312,13.4884,54.7264,10.7733,10.2546,14.0641,19.0821,20.072,185.045,35.0252,13.116,80.276,27.9058,14.18,11.1737,15.7403,51.0917,50.8694,10.0513,119.0003,11.7765,45.9978,82.8334,125.0709,22.9011,27.446,27.4251,29.4391,40.9433,44.5102,29.9255,67.0519,39.4389,3.833,15.7089,11.9703,60.3828,32.2321,36.9936,11.5048,13.1673,13.8627,20.6724,56.3206,22.1658,14.1154,10.8702,12.7968,13.1331,134.626,27.1496,56.9932,54.8689,20.7332,143.0412];
frac_thick_1 = [0.5,0.5,0.5,0.5,0.5,0.5,0.5,0.5,0.5,0.5,0.5,0.5,0.5,0.5,0.5,0.5,0.5,0.5,0.5,0.5,0.5,0.5,0.5,0.5,0.5,0.5,0.5,0.5,0.5,0.5,0.5,0.5,0.5,0.5,0.5,0.5,0.5,0.5,0.5,0.5,0.5,0.5,0.5,0.5,0.5,0.5,0.5,0.5,0.5,0.5,0.5,0.5,0.5,0.5,0.5,0.5,0.5,0.5,0.5,0.5,0.5,0.5,0.5,0.5,0.5,0.5,0.5,0.5,0.5,0.5,0.5,0.5,0.5,0.5,0.5,0.5,0.5,0.5,0.5,0.5,0.5,0.5,0.5,0.5,0.5,0.5,0.5,0.5,0.5,0.5,0.5,0.5,0.5,0.5,0.5,0.5,0.5,0.5,0.5,0.5,0.5,0.5,0.5,0.5,0.5,0.5,0.5,0.5,0.5,0.5,0.5,0.5,0.5,0.5,0.5,0.5,0.5,0.5,0.5,0.5,0.5,0.5,0.5,0.5,0.5,0.5];
frac_angle_1 = [17.0615,75.0493,131.9557,55.3064,154.2321,93.3789,135.5085,135.5085,159.857,54.4311,149.1434,13.2649,63.6762,44.7643,81.5494,34.8944,34.8944,34.8944,148.1442,89.3768,75.4577,75.4577,101.1649,18.9311,12.7041,8.7371,23.1157,149.7693,153.2829,153.2829,155.7367,144.7734,144.7734,71.3485,92.1565,134.2174,145.4504,159.4771,22.906,152.806,172.5941,60.3074,60.3074,123.2618,55.8151,149.1467,83.2804,70.1954,111.965,131.0323,50.8713,158.8683,4.6668,54.6262,91.1091,109.6967,109.6967,109.6967,74.3897,25.2469,75.8066,75.8066,127.0459,126.0546,126.0546,126.0546,34.0758,54.4509,14.6863,156.9212,55.3252,61.7724,0.78288,87.1314,93.9997,58.6405,158.6662,176.683,150.9945,139.6549,21.6381,118.8161,141.0492,80.7745,167.3081,147.8212,147.8212,30.9432,102.4755,99.4965,160.4813,94.2971,165.4485,45.9062,172.2934,71.0319,68.8719,35.5107,71.0306,66.7023,66.7023,173.1544,101.2286,166.1845,12.7999,12.7999,122.1758,158.0704,58.4539,136.6821,16.756,166.1425,140.0409,70.1632,171.9617,54.6544,118.0198,61.0345,100.4416,135.1246,179.7443,111.7081,117.3229,20.5064,10.0952,12.2451];

frac_fx_2 = [-80.3767,-84.2428,-191.6379,90.9805,-161.2332,144.5743,33.4003,-20.4771,150.0233,-197.2896,195.7764,-37.584,173.7502,149.2714,-147.5109,-75.4919,-40.6515,139.4621,-49.6026,-62.3363,-20.6264,51.7862,60.2615,-74.293,94.9526,-175.0198,199.6303,-166.5318,190.4665,-182.2254,-116.3751,-14.2399,183.4713,25.9075,162.953,-21.6157,-93.8638,116.1061,-129.7237,-132.2996,-139.288,148.0665,-145.3518,-4.3337,-66.2068,-194.3156,175.8466,74.6928,-47.5395,-102.5635,-148.1645,119.0337,-131.0007,-136.4809,171.4418,-139.7005,-134.9372,150.8976,86.7183,-174.2297,-155.8526,-131.022,11.1713,-37.1857,-82.6969,51.4613,199.5893,-197.9586,93.1132,197.8337,-182.8822,79.6263,-43.6521,-173.7184,154.5666,181.9411,82.0574,-2.4832,180.2735,94.9243,86.8826,94.2202,-93.535,-100.8841,-119.6584,-95.8664,-185.9188,79.0531,67.0803,129.0193,-2.1703,133.4789,-124.1914,-191.6463,54.3937,-11.7047,110.4531,182.5623,-26.8588,0.92782,-160.854,95.3911,106.3345,-183.9095,-181.1433,-162.6793,-198.2852,-64.5122,112.8151,144.2209,-51.7391,-48.6765,132.2621,15.0068,-48.915,-110.675,-160.7954,195.7815,-186.4804,-196.9868,196.0987,135.1241,168.4255,7.7861,-170.8225,-109.6134,-47.7476,-106.2438];
frac_fy_2 = [-198.5281,196.2714,-157.4149,-66.7246,100.6483,95.5342,77.4807,-165.2569,-16.889,-102.5166,-116.2509,-150.8113,-75.4241,-152.3722,140.7395,-112.7024,163.2547,1.7602,-10.6353,26.7847,-44.8824,197.7773,-193.5676,-50.8998,-128.7302,-165.282,9.0993,-27.8258,122.2291,113.0393,56.7168,190.556,188.4938,-35.1185,116.9999,-188.9127,185.376,-44.4487,-94.109,15.0817,174.6241,32.4611,-121.2672,-55.922,164.6177,-53.8215,-23.9734,88.7402,47.4654,-199.8564,161.6618,-126.1479,199.651,-198.2959,59.488,76.0594,179.8062,-0.20408,-125.3915,77.6802,122.1646,-125.8942,13.7999,162.3729,-97.3462,-132.5665,-87.6205,-93.9204,165.0629,-120.1963,-103.5579,187.6054,94.3664,-136.0262,190.4493,-181.4855,-47.3579,6.6504,62.8011,-197.2187,197.0592,-38.98,62.5774,-120.725,-53.0743,-185.5471,-162.4201,-129.4914,-174.9268,165.4526,-45.6558,176.4034,-57.9967,-190.6997,-38.112,-171.8363,54.6037,-87.3126,189.9516,-153.4469,-97.5633,-194.6597,164.0398,193.7956,-177.787,62.4824,144.899,36.29,100.6277,24.2423,114.6242,46.9522,-5.3277,109.4151,94.3123,-153.7769,116.0653,-112.7153,-130.0557,103.352,104.845,-35.7643,-85.7058,-168.9241,-190.1042,183.198,83.2005,56.9663];
